85
88
17145	2	G 2	B 3
38228	2	G 3
59775	2	A 2	C 4
77383	2	G 3
97772	2	B 2	D 4
116770	2	G 3
136695	2	G 3	B 4
152681	1	G 3
164729	1	G 3
174691	1	B 5
181642	1	G 3
192995	2	G 3
213151	2	G 3	B 4
229601	1	G 3
241417	1	G 3
250916	1	B 4
259720	1	G 3
268061	2	G 3
289376	2	G 3	B 4
305594	1	G 3
317178	1	G 3
326214	1	B 4
333628	1	G 3
344286	2	G 3
364211	2	G 3	B 4
380660	1	G 3
390391	1	G 3
401049	1	B 4
410316	1	G 3
417962	2	G 3
438813	2	C 3	E 4
458970	2	G 3
479822	2	C#3	G 4
498588	2	G 3
518745	2	D 3	F#4
535427	2	G 3
558364	2	D#3	A 4
575045	2	G 3
597982	2	E 3	G 4
615590	1	G 3
626016	1	G 3
637832	1	E 3
645477	1	G 4
654745	2	G 3
675597	2	D#3	G 4
692741	1	G 3
703167	1	G 3
714983	1	D#3
722397	1	G 4
730043	2	G 3
752516	2	D 3	F#4
769893	2	G 3
791440	2	C#3	G 4
806499	2	G 3
828973	2	C 3	E 4
844959	1	G 3
856312	1	G 3
866274	1	C 3
874383	1	E 4
881566	2	G 3
904271	3	C 3	D#4
931146	1	G 3
941109	1	C 3
949681	1	D#4
958022	2	G 3
979801	3	B 2	D 4
1006213	1	G 3
1016639	1	B 2
1024053	1	D 4
1032393	2	G 3
1053477	2	A 2	C#4
1068073	1	G 3
1080352	1	G 3
1089851	1	A 2
1097497	1	C#4
1106765	2	G 3
1127848	2	D 3	C 4	
1144066	1	G 3
1153797	1	G 3
1163991	1	D 3
1173027	1	C 4
1181136	2	G 3
1201756	2	G 2	B 3
1215194	1	G 3
1227241	1	G 3
1236740	1	G 2
1245544	1	B 3
1254117	4	G 3 